camera_matrix: [913.2520046665318, 0.000000, 635.3262447209531, 0.000000,
                0.000000, 911.63806401514, 369.83361995555236, 0.000000,
                0.000000, 0.000000, 1.000000, 0.000000,
                ]

# rlc:  [   1.0, 0.0 ,0.0,  
#           0.0 , 1.0, -0.0,  
#           -0.0 , 0.0, 1.0]

rlc: [1.00000000e+00,  1.06465084e-09, -1.91986049e-11 ,
 -1.06465084e-09,  1.00000000e+00,  1.58824962e-08 ,
 1.91986218e-11, -1.58824962e-08,  1.00000000e+00 ]

# [7.83652852e-09, -1.00000000e+00 ,-5.39481272e-07 ,
#     -3.68438600e-09 , 5.39481272e-07, -1.00000000e+00  ,
#       1.00000000e+00, -7.83652656e-09, -3.68439023e-09]



tlc: [ 4.10999995e-04, -6.73500172e-03, -1.08357000e-01] #[ 0.1, 1.0, 0.05]






