header: 
  seq: 2749
  stamp: 
    secs: 1723447788
    nsecs: 289724588
  frame_id: "d435_infra1_optical_frame"
height: 480
width: 640
distortion_model: "plumb_bob"
D: [0.0, 0.0, 0.0, 0.0, 0.0]
K: [[385.70361328125, 0.0, 325.843994140625], 
    [0.0, 385.70361328125, 239.0970001220703], 
    [0.0, 0.0, 1.0]]
R: [1.0, 0.0, 0.0, 0.0, 1.0, 0.0, 0.0, 0.0, 1.0]
P: [385.70361328125, 0.0, 325.843994140625, 0.0, 0.0, 385.70361328125, 239.0970001220703, 0.0, 0.0, 0.0, 1.0, 0.0]